0 764
0 767
0 812
0 813
0 1158
0 1165
1 794
1 797
1 860
1 863
1 1110
2 908
2 911
2 997
2 999
2 1016
3 938
3 941
3 942
3 985
3 987
4 836
4 839
4 888
4 891
4 968
4 969
5 734
5 737
5 738
5 750
5 826
5 902
6 780
6 783
6 850
6 853
6 1000
6 1001
7 874
7 877
7 988
7 989
7 1776
7 1777
8 924
8 927
8 928
8 956
8 976
8 1009
9 743
9 745
9 1170
9 1173
9 1188
9 1298
9 1710
9 1712
10 773
10 775
10 776
10 788
10 1397
10 1411
11 769
11 771
11 1162
11 1163
11 1182
11 1296
11 1297
11 1399
12 758
12 760
12 1123
12 1125
12 1310
12 1684
12 1696
13 739
13 741
13 762
13 763
13 1682
13 1724
14 817
14 819
14 820
14 830
14 844
14 846
15 747
15 748
15 821
15 822
15 1148
16 868
16 870
16 871
